x
-1 1
1 11 100
2 0 50
3 -19.70161 28.57328
4 0 100
5 0 25
6 0 100
7 0 100
8 0.06845844 1.255628
9 0 100
10 0 100
11 -0.7333333 0.75
12 0 92.30768999999999
13 0 63
14 0.593125 1.302
15 -0.858 1.399091
16 -1.2 0.966
17 -1.1 1.010667
18 11.36375 14.44
19 12.02 15.63071
20 0 100
21 -10.26667 30.84667
22 -0.91 0.8690909
23 0 100
24 0 2.347692
25 -1.148 1.162727
26 -1.264286 0.95
27 -8.014286 5.98
28 0 96.55172
29 0 100
30 0 71.42856999999999
31 0 100
32 0 63.63636
33 0 100
34 0 100
35 0 93.33333
36 0 100
37 0 100
38 0 93.33333
39 0 100
40 0 73.33333
41 0 75
42 0 80
43 0 100
44 0 100
45 0 26.92308
46 0 33.33333
47 0 100
48 0 100
49 0 100
50 0 70.58824
51 0 100
